showNoteAccuracy=false
showPerfectHit=false
hitPosition=193.5185185185185
musicVolume=85.08667657256068
hitsoundVolume=50
